 d="M70.5791 18.9452C70.5981 18.9224 70.621 17.9979 70.6401 17.7468C70.6859 17.2066 70.7393 16.9251 70.7966 16.5485C70.8805 16.0006 70.8271 16.0996 70.8271 16.0996C70.8271 16.0996 70.6745 16.7044 70.7279 16.1909C70.7317 16.1452 70.6974 16.2099 70.6363 16.5979C70.6096 16.7919 70.5638 17.0658 70.5371 17.4501C70.4836 18.2033 70.5371 19.0593 70.5791 18.9452" fill="#currentcolor"
 d="M96.1749 4.41652L95.5758 4.32521C95.0377 4.29098 94.5148 4.3975 96.1749 4.41652Z" fill="#currentcolor"
 d="M103.987 42.6879L104.002 42.6575L104.17 42.3189C104.17 42.3189 104.067 42.2923 104.002 42.4825C103.999 42.4939 103.35 43.6466 102.277 44.6091C102.487 44.4227 103.525 43.62 103.991 42.6879" fill="#currentcolor"
 d="M90.7178 7.57028C90.9048 7.58169 91.1185 7.59311 91.3551 7.60452C91.1414 7.59691 90.9315 7.58169 90.7178 7.57028Z" fill="#currentcolor"
 d="M91.6336 7.20505C91.9427 7.22026 92.2404 7.20505 92.4312 7.17081C92.3396 7.18222 92.1526 7.20505 91.9275 7.20124C91.7023 7.20124 91.4466 7.17081 91.21 7.17461C91.0344 7.18983 90.8665 7.21646 90.7139 7.2545C91.0077 7.20124 91.3245 7.18983 91.6298 7.20885" fill="#currentcolor"
 d="M91.8511 4.2301L91.1947 4.23771C90.9008 4.27195 90.5421 4.32141 90.5192 4.33282C90.4963 4.34804 90.4162 4.48119 91.8511 4.2301Z" fill="#currentcolor"
 d="M112.341 7.01863C112.295 6.96156 112.154 6.69907 112.6 7.14417C112.879 7.42189 113.272 7.62352 111.711 6.24255C111.444 6.04853 111.44 6.20831 111.765 6.51265C111.929 6.66483 112.368 7.04906 112.345 7.02243" fill="#currentcolor"
 d="M71.4263 14.6577C71.2775 15.3387 71.0332 16.6131 71.0523 16.712C71.0714 16.8109 71.2431 15.9245 71.3233 15.5327C71.434 15.0039 71.6935 13.9501 71.6553 13.9577C71.6171 13.9653 71.3653 15.099 71.3805 14.9544C71.3958 14.8099 71.5026 14.2925 71.6477 13.7104C71.9301 12.5387 72.4376 11.1311 72.1667 11.7969C72.0675 12.1392 71.7965 12.9496 71.6057 13.699C71.4072 14.4447 71.2737 15.118 71.2851 15.1485C71.2966 15.1256 71.3347 14.9849 71.4225 14.6577" fill="#currentcolor"
 d="M70.1589 28.3989C70.178 28.3761 70.1322 27.9766 70.0864 27.3603C70.0215 26.7478 69.9948 24.9902 69.9834 25.0245C69.9109 25.2299 69.93 26.006 69.8345 25.1348C69.8307 25.0892 69.8078 25.1843 69.8345 25.6484C69.8574 26.1125 69.9223 26.9533 70.1551 28.3951" fill="#currentcolor"
 d="M101.457 45.1607C101.457 45.1607 101.858 45.0048 102.373 44.5825C102.529 44.4531 102.518 44.4189 102.457 44.4645C101.888 44.9134 101.457 45.1569 101.457 45.1569" fill="#currentcolor"
 d="M104.533 47.2645C104.491 47.2835 104.449 47.3102 104.403 47.3292C104.304 47.3672 104.205 47.4053 104.109 47.4395C104.25 47.3824 104.392 47.3216 104.533 47.2607M95.3241 47.2036C95.4844 47.196 95.6447 47.1884 95.8126 47.1808C96.5224 47.139 97.3276 47.0819 98.358 46.9069C99.5106 46.652 100.839 46.2221 101.919 45.446C102.102 45.3167 102.274 45.1797 102.445 45.039C102.155 45.3129 101.831 45.5982 101.461 45.8835C100.556 46.5797 98.2283 47.1542 95.3317 47.2074M77.0821 35.4711C77.2042 35.8325 77.3378 36.1863 77.4828 36.5249C77.8224 37.4151 78.246 38.2673 78.7383 39.089C79.3757 40.0629 80.2763 41.1586 81.3334 42.1363C82.3867 43.1254 83.5965 43.9852 84.7338 44.6243C87.0121 45.9178 88.9127 46.3667 88.5463 46.1803C89.8095 46.6064 90.8132 46.8498 91.6566 46.9906C85.852 46.2069 79.307 43.1749 77.0782 35.4711M80.7572 19.8734C79.784 20.6153 79.0589 21.5587 78.4369 22.5136C77.811 23.4685 77.3454 24.4805 76.9981 25.4924C76.6508 26.5044 76.4333 27.5239 76.3188 28.5282C76.3073 28.6043 76.3073 28.6842 76.2997 28.7603C76.3837 25.5685 78.0858 21.5169 81.322 19.3637C81.4708 19.2647 81.6197 19.143 81.7685 19.006C81.4479 19.3218 80.761 19.8734 80.761 19.8734M76.1814 8.46429C76.4791 8.1219 76.8645 7.90125 77.2233 7.70723C77.292 7.69201 77.1965 7.76049 76.9943 7.89364C76.7958 8.0306 76.4753 8.22842 76.2119 8.5632C75.7235 9.24037 75.193 10.0659 74.8304 10.6822C74.1855 12.0137 74.6244 11.192 75.0785 10.3855C75.3075 9.98221 75.5479 9.60178 75.6166 9.50667C75.6853 9.41156 75.1739 10.2561 75.2121 10.3056C75.2502 10.355 75.8876 9.13765 76.1394 8.78005C76.3799 8.41483 76.6241 8.25886 76.7653 8.14853C77.0592 7.9469 77.0592 7.93549 77.0401 7.93549C76.9867 7.92788 77.0401 7.88223 77.5248 7.60451C77.7614 7.45995 78.1315 7.28495 78.559 6.91593C79.0017 6.5393 79.5894 6.03333 80.3679 5.3904C81.2991 4.73225 81.0014 4.97573 80.4099 5.43225C80.3717 5.46268 80.345 5.48171 80.3107 5.51214C80.3107 5.51214 80.3069 5.51214 80.303 5.51594C79.9748 5.77464 79.6619 6.03333 79.3986 6.23116C78.6086 6.92354 78.8567 6.72952 79.3108 6.3605C79.1696 6.48224 78.8299 6.73713 78.8605 6.75235C78.891 6.76756 79.3222 6.3605 79.6008 6.12463C80.2992 5.54638 81.1083 4.90345 79.8184 5.98387C80.4519 5.43986 80.9442 5.11649 81.28 4.87682C81.6197 4.64476 81.8143 4.5116 81.9288 4.43552C82.154 4.28335 82.0356 4.33661 82.0738 4.29095C82.2684 4.16541 82.444 4.03226 82.6386 3.89911C82.7722 3.81922 82.9477 3.70509 83.1615 3.58716C83.9514 3.16488 85.4551 2.43445 85.997 2.25565C85.8787 2.30891 85.6802 2.40021 85.3978 2.52195C85.684 2.40401 85.9397 2.29749 86.1725 2.20999C86.1573 2.22141 86.1306 2.24043 86.0695 2.27467C87.783 1.60891 88.6646 1.38065 89.466 1.15239C90.0423 1.01163 90.6415 0.897505 91.0002 0.84044C90.7903 0.889896 90.5842 0.946961 90.3743 1.00022C90.2827 1.01924 90.1911 1.03066 90.1034 1.04968C86.5504 1.81815 83.2989 3.34368 80.5282 5.46649C79.9519 5.90779 79.3947 6.37952 78.8605 6.87028C78.0972 7.57408 76.9409 7.82516 76.4028 8.58603C75.4067 9.99362 74.6434 11.5153 73.8344 13.4289C74.3648 10.7621 75.9944 8.72679 76.1929 8.45668M88.9928 1.17902L88.9737 1.18663C88.9737 1.18663 88.9546 1.19044 88.9432 1.19424C88.9585 1.19044 88.9737 1.18663 88.9928 1.17902ZM93.7708 0.547508C93.8014 0.547508 93.8357 0.547508 93.8701 0.543703C93.6831 0.555116 93.4961 0.574138 93.3052 0.589355C93.4693 0.574138 93.6258 0.562725 93.7708 0.547508ZM89.9087 6.098C90.2789 6.04474 90.7712 5.99909 90.8208 6.0067C90.8437 6.01431 90.7636 6.02192 90.5308 6.05616C90.3247 6.06757 90.1186 6.08279 89.9087 6.098ZM91.0307 5.93822C90.901 5.95344 90.775 5.96485 90.6682 5.98007C90.7788 5.96485 90.9048 5.94964 91.0307 5.93822ZM95.5378 6.14746C96.4194 6.34148 97.8314 6.81322 98.9572 7.24691C97.1597 6.60398 94.2631 5.92681 90.962 6.03714C91.6375 5.9192 92.6603 5.82409 94.1601 5.99909C94.1143 5.98387 94.0494 5.97246 93.9769 5.96105C94.641 6.01051 95.2172 6.07898 95.5378 6.14746ZM100.621 7.99636C100.621 7.99636 100.625 8.00016 100.629 8.00397C100.526 7.93929 100.396 7.86321 100.236 7.78332C100.415 7.87082 100.552 7.9431 100.621 7.99636ZM89.9202 7.52082C89.9202 7.52082 89.9125 7.53223 89.9049 7.53984C89.8973 7.53984 89.8858 7.53984 89.8782 7.53984L89.8858 7.52082C89.8858 7.52082 89.9087 7.52082 89.9163 7.52082M90.1148 7.53604C90.1148 7.53604 90.0995 7.55125 90.0919 7.55886C90.027 7.55125 89.9774 7.54745 89.9354 7.54364C89.9431 7.53604 89.9469 7.52843 89.9507 7.52462C90.0041 7.52843 90.0576 7.53223 90.111 7.53604M100.136 8.57461C100.136 8.57461 100.098 8.567 100.083 8.567C100.114 8.567 100.148 8.57081 100.175 8.57461C100.159 8.57461 100.148 8.57461 100.136 8.57461ZM70.1936 26.9038C70.1936 26.7592 70.2203 26.5919 70.2279 26.588C70.3768 28.6043 70.663 30.3467 71.1057 32.1157C71.5408 33.8847 72.1895 35.688 73.3153 37.6928C74.1244 39.2526 75.3113 40.801 76.6012 42.2656C76.8912 42.5662 77.1851 42.8705 77.4866 43.1787C77.7957 43.4792 78.0781 43.8216 78.4445 44.0955C78.7956 44.3808 79.1581 44.6738 79.5321 44.9743C79.8985 45.2787 80.3069 45.583 80.7648 45.8417C82.0318 46.6102 83.4744 47.2455 84.9818 47.8047C86.4893 48.3563 88.0616 48.8205 89.6187 49.1743C90.3972 49.3531 91.1643 49.5014 91.9276 49.6232C92.6946 49.7411 93.4464 49.7982 94.1677 49.821C94.8814 49.8324 95.5645 49.8438 96.2056 49.8514C96.53 49.8438 96.843 49.8324 97.1445 49.8248C97.446 49.802 97.736 49.783 98.0146 49.7639L97.797 49.7982C99.2205 49.6688 100.526 49.4139 101.739 49.0639L101.892 49.0411C103.499 48.5884 104.766 48.0216 105.895 47.4129C107.025 46.8004 108.025 46.1422 109.063 45.37C109.147 45.2863 109.193 45.2292 109.219 45.1835C109.54 44.9401 109.849 44.6814 110.166 44.4265C110.456 44.183 110.773 43.9624 111.108 43.7417C111.772 43.308 112.57 42.8477 113.142 42.0754C113.326 41.8928 113.505 41.7102 113.681 41.5162C114.177 40.8314 114.555 40.2037 114.845 39.6559C115.089 39.2032 115.291 38.5374 114.963 38.1988C114.799 38.0276 114.291 38.0086 114.062 37.9553C113.959 37.9325 113.807 37.9211 113.742 37.9173L113.52 37.9059C112.936 37.8793 112.375 37.8869 111.822 37.9401C111.269 37.9934 110.727 38.0885 110.181 38.2711C109.643 38.4537 109.086 38.7504 108.647 39.264C108.017 40.1961 107.823 40.6184 108.082 40.4282C108.208 40.3368 108.551 39.5265 109.364 39.0776C109.635 38.9369 109.963 38.8113 110.33 38.7276C110.742 38.6325 111.204 38.5907 111.677 38.5754C111.253 38.7657 110.853 39.0472 110.517 39.458C110.147 39.9184 106.849 45.9672 99.2434 47.7515C99.0526 47.7971 102.865 46.5036 104.93 43.5249C105.987 41.9993 106.597 40.5537 106.597 40.5537L105.815 40.9341C105.376 41.1472 104.998 41.4629 104.712 41.8548L104.338 42.57C104.338 42.57 104.243 42.7754 104.033 43.1064C104.094 42.9961 104.144 42.8819 104.189 42.7754C104.193 42.764 104.197 42.7564 104.201 42.7488C104.308 42.4977 104.64 41.7825 104.976 41.4135C104.624 41.4705 104.231 42.5586 104.147 42.7222C104.144 42.7336 104.136 42.745 104.132 42.7526C103.861 43.2814 103.598 43.5781 103.43 43.7721C103.254 43.9662 103.148 44.0613 103.033 44.1602C102.919 44.2553 102.804 44.358 102.583 44.5292C102.388 44.6852 102.102 44.9058 101.648 45.1912C101.709 45.1493 101.774 45.1075 101.839 45.0618C101.72 45.1417 101.602 45.2216 101.48 45.2939C100.724 45.758 99.896 46.0547 99.0183 46.2526C100.156 46.0547 101.239 45.6477 102.205 44.9971C101.171 45.7808 100.175 46.146 99.274 46.3629C99.503 46.283 99.793 46.1727 99.3236 46.2792C99.6518 46.2221 98.942 46.4466 98.007 46.5911C97.8963 46.6064 97.7856 46.6254 97.6749 46.6368C96.7247 46.7471 95.8278 46.7776 94.8051 46.7966C93.7976 46.808 92.6565 46.7395 91.2215 46.4808C91.1643 46.477 91.1261 46.4732 91.0765 46.4694C89.8896 46.2411 88.7982 45.8455 88.7982 45.8455C88.7982 45.8455 89.3782 46.1879 90.8132 46.5303L91.0803 46.5569C91.4696 46.5873 91.5536 46.6824 91.4696 46.6901C91.3895 46.6901 90.9544 46.671 89.779 46.4047C88.3784 46.0053 87.6953 45.6971 87.3442 45.5297C86.8976 45.37 86.4359 45.1683 85.9703 44.9515C85.4474 44.67 83.2989 43.2129 82.9249 42.8933C82.7264 42.7222 82.7913 42.7412 82.8676 42.7906C83.0241 42.92 83.1844 43.0493 83.3599 43.1749C83.9896 43.6618 85.7375 44.7613 85.7184 44.6547C84.9742 44.2172 84.043 43.5667 84.4285 43.8368C82.9974 42.9162 82.2952 42.2238 82.0013 41.9347C81.7151 41.6341 81.8448 41.7102 82.2723 42.0412C82.1997 41.9042 82.0242 41.733 81.8906 41.6113C81.1808 40.9493 80.6923 40.4738 80.3794 40.0743C80.0054 39.5988 79.8031 39.2907 79.6314 39.0129C79.4634 38.7276 79.2955 38.4879 79.078 38.0885C78.9635 37.8907 78.8223 37.6624 78.6735 37.3619C78.5971 37.2135 78.5361 37.0309 78.4445 36.8483C78.3605 36.6619 78.1964 36.1673 78.1392 36.2548C78.6315 37.5178 79.0322 38.389 79.8184 39.4999C79.4902 39.0586 79.0742 38.4119 78.7803 37.9059C78.6811 37.7195 78.5819 37.5293 78.4827 37.3276C78.4178 37.2211 78.3682 37.1564 78.3376 37.1526C78.4178 37.32 78.5246 37.5483 78.6811 37.8374C78.6811 37.8945 78.6887 37.9896 78.7612 38.1265C78.8223 38.2407 79.0665 38.5754 79.3948 39.0053C79.3948 39.0053 79.3986 39.0129 79.4024 39.0167C79.4024 39.0167 79.4024 39.0129 79.4024 39.0091C80.0741 39.8803 81.1083 41.1434 81.7342 41.7749C81.8983 41.9385 82.0738 42.0982 82.2532 42.2618C81.9441 41.9955 81.5853 41.6798 81.3067 41.4135C80.7114 40.8048 80.9938 41.1434 81.0205 41.2118C81.2075 41.4021 81.4136 41.5809 81.6158 41.7559C82.3753 42.4787 82.6692 42.7183 82.7302 42.7906C82.7913 42.8629 82.547 42.6537 82.5432 42.6803C82.5356 42.7031 82.631 42.7944 82.8104 42.9314C83.1958 43.2281 84.8559 44.3618 85.1002 44.5064C84.4972 44.1868 83.9209 43.8254 83.379 43.4564C83.4515 43.4792 83.5393 43.4412 83.1042 43.1863C82.8218 43.0227 82.5051 42.8363 82.3715 42.7336C80.9289 41.4819 80.2496 40.6564 79.5436 39.6977C78.8681 38.7238 78.0972 37.6015 77.353 35.2771C77.3378 35.2238 77.311 35.1516 77.2767 35.0641C77.1469 34.5809 77.0401 34.0902 76.9599 33.5956C76.9332 33.5614 76.937 33.6184 76.9523 33.7326C76.563 31.7201 76.6546 29.7 76.8951 28.4141C76.8607 28.5283 76.7157 29.3652 76.6966 30.088C76.6394 30.8108 76.6737 31.4043 76.6317 30.9973C76.5745 31.1152 76.6356 31.7924 76.6737 32.1652C76.7729 33.2 76.9065 33.5956 76.8187 33.3445C76.8187 33.3445 76.7424 33.0782 76.8683 33.8086C76.8798 33.8657 76.8951 33.9418 76.918 34.0293C76.7577 33.4663 76.5936 32.6826 76.502 31.6021C76.4104 30.4114 76.4295 29.0494 76.6623 27.7408C76.8912 26.4359 77.2996 25.2033 77.7461 24.2332C78.1392 23.4457 78.6162 22.7038 79.1734 22.0229C79.5054 21.574 79.8947 21.1403 80.3183 20.7218C80.5473 20.5278 80.7572 20.3071 81.0091 20.1283C81.1312 20.037 81.2571 19.9419 81.3792 19.8468C81.5014 19.7441 81.5777 19.6984 81.6731 19.5957C82.0356 19.2267 82.528 18.6713 82.8447 18.1539C83.0889 17.762 83.5202 16.7615 83.6652 16.48C83.7454 16.3278 83.8713 16.0539 83.8789 15.8979C83.9324 15.7762 83.9705 15.6659 83.9934 15.5822C84.0163 15.4947 83.9476 15.411 83.856 15.4186C79.7688 15.7838 75.0251 21.0109 74.6969 28.8668C74.5709 31.9141 75.8799 38.7124 80.3107 42.7906C80.1733 42.5852 74.1435 40.5004 73.0635 28.2772C72.1895 18.3783 80.2801 6.90452 92.3855 8.68113C94.2555 8.95505 95.4958 8.67733 96.1484 8.28929C96.0263 8.3844 95.9042 8.49092 95.7744 8.5632C95.4538 8.742 95.1371 8.90178 94.786 8.98928C95.2897 8.88276 95.782 8.68113 96.2171 8.3882C95.3393 9.03874 94.3051 9.20993 93.3816 9.21754C93.4922 9.14907 93.6945 9.11863 93.6945 9.11863C93.6945 9.11863 93.9617 8.85233 91.7673 8.99309C90.7674 9.05776 90.3247 9.15287 90.1568 9.1757C89.9125 9.22135 90.0156 9.22896 90.3132 9.21374L88.7409 9.35069C88.6188 9.34689 88.5043 9.34309 88.386 9.33928C88.2677 9.34689 88.1456 9.3583 87.9967 9.36591C87.3861 9.51428 86.8786 9.63602 86.5236 9.72352C86.1802 9.84526 85.9932 9.92515 86.0046 9.93656C85.1002 10.2447 84.5392 10.4235 84.2987 10.5529C84.0468 10.6594 84.0774 10.6251 84.3407 10.4692C84.3407 10.4083 84.3941 10.2485 82.8714 11.1806C82.3028 11.5496 81.7189 11.8958 81.2419 12.2306C80.3221 12.9572 79.6695 13.4594 79.7802 13.3034C77.6889 15.2664 75.9715 17.0392 74.9755 19.0783C74.0137 21.1365 73.4375 22.9397 73.1627 25.5C73.0978 26.337 73.4108 26.8049 73.5062 26.8658C73.655 25.093 73.926 23.2136 74.6282 21.1631C74.6053 21.3723 74.9564 20.5468 75.4563 19.3751C75.7502 18.8082 76.086 18.1539 76.4524 17.5148C76.6546 17.2066 76.8607 16.8947 77.0592 16.5941C77.1851 16.3963 77.3149 16.2061 77.4522 16.0273C77.4332 16.0539 77.4255 16.0691 77.4484 16.0501C77.2843 16.3354 77.2805 16.3887 77.4522 16.149C77.6469 15.9169 78.059 15.4338 78.7307 14.6425C78.7116 14.6425 78.8605 14.4751 79.1352 14.1898C79.2726 14.0452 79.4406 13.874 79.6352 13.6724C79.7306 13.5735 79.8374 13.467 79.9443 13.3566C80.0664 13.2577 80.1924 13.1512 80.3221 13.0447C80.7648 12.7784 80.9594 12.6909 81.4594 12.3523C82.0051 12.086 82.8142 11.4849 84.7223 10.6746C84.2453 10.9409 83.8789 11.1045 83.3523 11.3442C83.0813 11.4469 82.8104 11.6447 82.4593 11.8577C82.2837 11.9681 82.0929 12.0898 81.883 12.2268C81.7761 12.2952 81.6655 12.3675 81.551 12.4436C81.4441 12.5311 81.0587 12.7175 81.1045 12.8621C81.0968 12.8316 83.3332 11.4431 83.4362 11.3974C83.6385 11.3023 83.8751 11.1844 84.0774 11.0893C84.4857 10.9029 84.8445 10.6822 85.2299 10.5757C85.4245 10.492 85.1956 10.5491 84.7529 10.6898C89.176 9.16809 82.9935 11.4317 86.4664 10.2789C85.9779 10.4539 85.5085 10.6175 85.0849 10.7697C85.0658 10.7773 85.0505 10.7811 85.0276 10.7887C84.5773 10.9599 84.1881 11.1768 83.8141 11.348C83.6309 11.4393 83.4515 11.5268 83.2836 11.6105C83.1195 11.7018 82.9745 11.8159 82.8294 11.9148C80.2916 13.4936 78.7078 15.3425 77.5591 17.0963C76.4142 18.8653 75.4372 20.9957 75.1815 22.468C75.1624 22.5745 76.7042 18.5191 77.666 17.1153C77.7804 16.9365 77.8949 16.7577 78.0056 16.5865C78.1277 16.4191 78.2613 16.2631 78.3834 16.1034C78.6353 15.7838 78.8795 15.4756 79.12 15.1713C79.3909 14.8898 79.6543 14.6159 79.9176 14.342C80.1771 14.068 80.4366 13.7903 80.7381 13.5621C81.0281 13.3186 81.3182 13.0789 81.6082 12.8316C81.8983 12.5844 82.2379 12.398 82.5585 12.1735C83.1882 11.7056 83.9285 11.3746 84.6956 10.9751C86.2756 10.3018 88.1532 9.71971 90.5155 9.57895C91.1643 9.55993 91.8894 9.56374 92.8206 9.60178H92.874C92.8931 9.60178 92.916 9.60178 92.9389 9.60178C93.4236 9.617 93.767 9.68928 94.3318 9.57134C94.3318 9.57134 94.6677 9.44961 94.3471 9.51048C93.4274 9.6246 93.1564 9.55993 93.1869 9.55613C93.2137 9.54091 93.5419 9.52569 93.8395 9.48004C94.1372 9.442 94.3967 9.37732 94.3013 9.38113C94.2059 9.36972 93.2938 9.46102 93.0877 9.48384C92.8931 9.48384 92.687 9.46102 92.4847 9.45341C92.2863 9.44961 92.0802 9.442 91.8741 9.43819C91.462 9.42678 91.0422 9.41537 90.6453 9.40776C89.8591 9.43058 89.176 9.52189 88.8516 9.52569C89.3897 9.45721 89.8286 9.41156 90.1988 9.37352C90.2675 9.36591 90.3285 9.36211 90.3934 9.3583C90.4697 9.3583 90.546 9.3545 90.6338 9.3545C90.817 9.3583 90.9849 9.37352 91.1338 9.36972C91.6566 9.38874 92.023 9.40395 92.4886 9.38874C93.1793 9.43819 93.912 9.42298 94.5455 9.29743C95.1791 9.1757 95.7019 8.93983 96.0072 8.76103C96.053 8.72298 96.1102 8.67353 96.1866 8.61266C96.2247 8.57842 96.2667 8.54418 96.3163 8.50614C96.3392 8.48711 96.3621 8.46809 96.3888 8.44527C96.3812 8.45288 96.427 8.41483 96.4575 8.36918C96.4842 8.32733 96.5071 8.27027 96.5071 8.23223C96.5071 8.17516 96.4919 8.09907 96.4728 8.06103C96.3278 7.83277 96.1827 7.78332 96.0225 7.68821C95.8622 7.60832 95.6866 7.55125 95.5034 7.5056C94.8776 7.34962 94.1754 7.39528 93.6411 7.51321C93.1831 7.61593 92.8091 7.63495 92.6679 7.65777C91.7711 7.66919 90.6567 7.60071 90.1377 7.55886C90.1491 7.55125 90.1568 7.54364 90.1682 7.53604C90.3476 7.54745 90.527 7.55506 90.7101 7.56267C90.5079 7.55125 90.3361 7.53604 90.1835 7.52462C90.298 7.45234 90.4506 7.38386 90.6491 7.34202C90.5422 7.34582 90.4392 7.35723 90.3361 7.38006C90.2484 7.42191 90.1797 7.47136 90.1262 7.52082C90.0728 7.51701 90.0156 7.51321 89.966 7.5056C89.9812 7.49038 90.0003 7.47517 90.0118 7.46375C90.0957 7.38006 90.1759 7.3268 90.2713 7.26973C90.1453 7.32299 90.0194 7.40669 89.9278 7.49799C89.9163 7.49799 89.9011 7.49799 89.8896 7.49419C89.9583 7.37245 90.2827 6.95017 91.3894 6.92354C91.7406 6.91593 92.1527 6.973 92.5687 6.86648C94.828 6.28442 97.3811 7.04528 99.7167 8.3007C100.178 8.54798 100.717 8.34635 100.835 8.27788C100.842 8.30451 100.835 8.35016 100.808 8.37679C100.774 8.41103 100.762 8.40722 100.743 8.41864C100.602 8.4757 100.457 8.51755 100.278 8.53277C100.098 8.54798 99.8808 8.54038 99.648 8.43005C99.4228 8.31592 99.1671 8.16755 98.8389 8.01158C99.1671 8.17516 99.4114 8.31972 99.6174 8.43005C99.7625 8.50994 99.896 8.54038 100.014 8.55559C99.9724 8.55179 99.9304 8.54798 99.8884 8.54037C99.8426 8.52896 99.793 8.51755 99.7472 8.50233C99.7357 8.50233 99.7281 8.49472 99.7205 8.49092C99.606 8.44527 99.4953 8.3882 99.3999 8.33114C99.1824 8.2094 98.9572 8.09907 98.7092 7.97353C98.7969 8.02299 98.9419 8.10288 99.0488 8.16375C98.0375 7.65397 97.0147 7.1556 96.343 7.09093C96.6025 7.17463 96.8621 7.26212 97.1139 7.36484C96.7056 7.22789 96.2896 7.12137 95.8698 7.03387C95.4233 6.93115 95.1333 6.88169 94.8051 6.83985C94.4769 6.798 94.1067 6.76376 93.4922 6.8018C93.4007 6.79039 93.0419 6.79039 92.2825 6.95017C91.9466 7.01484 91.6566 6.99963 91.42 7.00724C91.1834 7.01104 90.9964 7.04147 90.8437 7.06811C90.5422 7.12897 90.3858 7.20506 90.2675 7.26973C90.3094 7.25071 90.3552 7.2431 90.3972 7.22789C90.3094 7.26212 90.2446 7.29636 90.2026 7.31919C90.0995 7.38006 90.1072 7.39147 90.1682 7.36104C90.2903 7.29636 90.7216 7.1556 91.1986 7.16321C91.4505 7.14039 91.7367 7.1556 92.0115 7.13278C92.2939 7.11376 92.5534 7.02245 92.7557 6.9768C93.1793 6.87028 93.4922 6.83224 93.5266 6.80941C94.2555 6.78659 94.5227 6.84745 94.7211 6.88169C94.9234 6.92734 95.0684 6.96158 95.492 7.0643C95.2974 7.05669 96.2553 7.28875 96.4041 7.32299C96.6331 7.40288 97.03 7.57408 97.1216 7.52843C96.9804 7.45234 96.6751 7.34962 96.5339 7.28115C97.1445 7.44854 98.1138 7.83277 98.4916 8.04201C98.4077 7.99255 98.213 7.88984 97.9726 7.78332C98.3886 7.95451 98.7893 8.15233 99.1862 8.35777L99.48 8.51755C99.5755 8.57081 99.7167 8.63548 99.8426 8.66211C100.102 8.71918 100.365 8.69635 100.61 8.63168C100.461 8.68874 100.289 8.7344 100.129 8.742C99.6785 8.72298 99.5716 8.6507 99.6174 8.68113C99.6365 8.69255 99.7243 8.742 99.9075 8.78005C100.094 8.81429 100.369 8.83331 100.739 8.71537C100.781 8.70016 100.823 8.68113 100.873 8.65831C100.9 8.63548 100.915 8.65831 101.033 8.53277C101.133 8.40722 101.11 8.24364 101.091 8.19799C101.045 8.06864 101.003 8.0306 100.968 7.98875C100.93 7.9469 100.9 7.91647 100.865 7.88603C100.736 7.7681 100.61 7.6844 100.48 7.60071C100.224 7.43712 99.9647 7.30017 99.7014 7.17463C99.1747 6.91974 98.3962 6.48604 98.0833 6.5317C98.8198 6.82082 99.5373 7.1556 100.182 7.56647C100.442 7.73766 100.747 7.97353 100.846 8.13712C100.659 7.91647 100.461 7.79853 100.259 7.66538C100.056 7.53604 99.854 7.42571 99.648 7.31919C99.2396 7.10995 98.8275 6.92735 98.4153 6.76756C97.591 6.448 96.759 6.20833 95.9156 6.02572C96.0415 6.04094 96.1713 6.05996 96.2896 6.07518C97.0567 6.24637 96.6827 6.11703 96.53 6.07518L96.3736 6.02953C96.2476 5.99529 96.0873 5.95344 95.8584 5.90018L95.5111 5.84312C94.5265 5.66051 92.4962 5.62627 91.6566 5.70616C91.3017 5.72899 90.9811 5.76322 90.6758 5.80507C91.2979 5.73279 91.9199 5.70996 92.5458 5.71377C91.1147 5.70236 89.9202 5.93442 88.8669 6.17409C88.7409 6.19692 88.5883 6.23116 88.4852 6.24637C88.3898 6.26539 88.3784 6.26539 88.47 6.25398C88.4967 6.25398 88.5234 6.24637 88.5577 6.23876C89.1874 6.13985 89.8553 5.99148 90.5079 5.91159C89.7217 6.05996 89.4737 6.12844 89.4927 6.14366C85.0238 6.57735 82.0166 7.76429 78.5666 10.0355C81.1541 7.32299 85.6917 4.95671 90.7865 4.25672C90.92 4.24911 91.0536 4.2415 91.1872 4.23389C91.3284 4.21867 91.4543 4.18443 91.5192 4.16161C91.7291 4.13878 91.939 4.12737 92.1489 4.11215C92.1451 4.11215 92.1375 4.11215 92.1336 4.11215C91.9466 4.15019 91.9123 4.27193 92.1871 4.26432C92.4618 4.25672 93.3663 4.23389 93.9578 4.25291C93.7212 4.1578 93.2366 4.07411 92.771 4.0665C93.6602 4.02465 94.557 4.03226 95.4576 4.10074C103.556 4.73225 107.025 8.16755 108.227 8.76103C109.032 9.15667 109.723 9.42678 110.322 9.60558C109.486 9.57134 108.666 9.45341 108.071 9.31646C108.059 9.31646 107.613 9.1757 107.422 9.06157C107.223 8.95124 107.04 8.8257 106.857 8.70016C107.021 8.79146 107.365 8.92841 107.594 9.03874C107.636 8.90559 107.284 8.57081 106.452 8.17896L104.911 7.22408C104.884 7.22408 106.143 8.14473 106.235 8.28929C106.105 8.22462 105.849 8.01918 105.346 7.66538C104.571 7.148 103.525 6.19311 103.014 6.45941C102.972 6.46702 103.388 6.66104 104.029 7.00724C104.666 7.35343 105.517 7.87462 106.384 8.4757C106.83 8.76483 107.242 9.11102 107.807 9.30885C108.319 9.46102 108.826 9.57895 109.299 9.66265C110.242 9.83765 111.044 9.84906 111.44 9.84526C111.44 9.84526 111.448 9.84526 111.452 9.84526C111.452 9.84526 111.456 9.84526 111.459 9.84526H111.44C111.177 9.87189 111.177 9.89471 111.685 9.87569C111.696 9.87569 111.704 9.87189 111.711 9.86808C113.597 9.99743 113.91 8.84472 113.91 8.84472C113.955 8.67353 113.692 7.91647 112.994 7.5056C112.872 7.47517 113.73 8.13331 113.646 8.58983C113.646 8.58983 113.642 8.58603 113.639 8.58222C113.623 8.50994 113.593 8.41483 113.547 8.33114C113.467 8.17516 113.337 8.07244 113.238 7.96592C113.15 7.87462 113.07 7.79473 113.001 7.73006C112.879 7.60451 112.807 7.52462 112.807 7.50941C111.761 6.56213 111.162 5.97627 110.807 5.68714C110.456 5.39801 111.28 6.23116 110.013 5.2991C110.731 5.86594 111.551 6.57735 111.551 6.57735C111.933 6.90452 112.368 7.30017 112.749 7.66158C112.845 7.75288 112.936 7.84038 113.024 7.92408C113.12 8.01918 113.211 8.11049 113.295 8.19038C113.329 8.22462 113.371 8.28549 113.41 8.36157C112.181 7.18604 110.177 5.40942 109.051 4.65236C108.342 4.17302 107.605 3.73933 106.853 3.34368C106.83 3.32466 106.815 3.30944 106.811 3.29803C106.968 3.29422 107.059 3.32085 107.185 3.33227C107.296 3.34748 107.445 3.36651 107.75 3.40835C107.884 3.42737 108.052 3.4502 108.269 3.48063C108.368 3.49585 108.475 3.51107 108.597 3.52629C108.448 3.5377 108.204 3.49585 108.204 3.49585C108.204 3.49585 108.162 3.55292 108.41 3.56433C108.46 3.56433 108.559 3.56433 108.613 3.57194C108.666 3.57194 108.731 3.60998 108.784 3.56433C108.853 3.50346 108.918 3.33988 108.88 3.21053C108.853 3.06596 108.693 2.95944 108.685 2.95944C108.605 2.90238 108.525 2.84531 108.441 2.78825C108.124 2.55238 107.719 2.28988 107.311 2.11869C106.899 1.93989 106.468 1.81815 106.071 1.75728C106.292 1.78011 106.819 1.90945 106.815 1.87521C106.811 1.84098 106.243 1.70782 105.762 1.66217C104.93 1.53283 104.754 1.48717 104.582 1.47196C104.411 1.45674 104.453 1.49859 104.189 1.47956C103.926 1.46054 103.308 1.31598 102.64 1.19805C102.308 1.13718 101.942 1.08011 101.613 0.988808C101.247 0.886092 100.873 0.794788 100.507 0.711093C100.617 0.688267 100.495 0.680659 100.495 0.680659C100.495 0.680659 100.404 0.665441 100.285 0.64642C100.228 0.638811 98.2397 0.239358 98.0108 0.208924C97.7818 0.182293 97.7436 0.201315 97.8886 0.265988C98.0337 0.330662 95.3317 -0.000313758 94.3471 0.0225121C93.3625 0.0415337 92.7824 0.0947941 93.1717 0.0149035C93.164 -0.0231397 92.7633 0.0149035 92.4428 0.0985985C91.7444 0.281206 92.5878 0.254575 93.538 0.14425C94.4921 0.0301208 96.324 0.216532 96.324 0.224141C96.324 0.231749 99.3083 0.53229 100.072 0.654029C100.598 0.764354 101.014 0.870875 101.388 0.973591C101.22 0.935548 100.858 0.855657 100.858 0.863266C100.858 0.870875 101.426 1.03066 101.728 1.11435C102.014 1.17902 102.358 1.21326 102.648 1.25891C103.396 1.39967 103.999 1.5062 105.128 1.65837L105.838 1.72304C106.426 1.80293 106.876 1.93989 107.304 2.13391C107.521 2.23282 107.735 2.34695 107.968 2.49151C108.212 2.64749 108.422 2.80727 108.735 3.02412C108.792 3.06596 108.815 3.15727 108.811 3.25238C108.803 3.15727 108.712 3.05455 108.67 3.03553C108.441 2.81868 108.368 2.89857 108.368 2.89857L108.616 3.06977C108.639 3.08879 108.731 3.11923 108.746 3.15346C108.822 3.31325 108.7 3.43879 108.685 3.44259C108.628 3.49966 108.093 3.39694 108.002 3.38172C107.91 3.3627 107.945 3.30564 107.567 3.26759C107.433 3.25238 107.254 3.25998 106.998 3.23716C106.937 3.23335 106.868 3.22955 106.796 3.22194C106.762 3.22194 106.723 3.22194 106.685 3.22194C106.685 3.22194 106.681 3.22194 106.678 3.22194C106.643 3.20292 106.613 3.1839 106.578 3.16868C106.349 3.05075 107.761 3.24477 108.567 3.3627C108.7 3.38172 108.765 3.21053 108.654 3.13064L108.032 2.68934C108.006 2.67032 107.979 2.6589 107.952 2.63988C107.624 2.40401 107.54 2.36597 107.387 2.26325C107.284 2.20619 107.139 2.1263 106.834 2.02358C106.681 1.97413 106.487 1.91706 106.235 1.87521C105.991 1.84098 105.693 1.79532 105.33 1.74587C104.548 1.60891 102.629 1.28935 102.629 1.32359C102.629 1.35783 103.716 1.57467 105.399 1.84858C106.189 1.9475 106.296 1.94369 106.033 1.88282C106.514 1.98173 106.292 1.98554 106.285 2.00456C106.285 2.00456 106.285 2.00456 106.281 2.00456C104.861 1.81434 102.312 1.46054 101.77 1.31218C100.667 1.01544 99.5449 0.806201 98.4039 0.665441C98.1863 0.627398 98.2168 0.612181 98.3504 0.608377C98.6672 0.593159 99.5297 0.669246 98.8962 0.570334C99.1709 0.608377 99.6442 0.688267 100.167 0.790984C100.831 0.962178 100.11 0.848049 101.396 1.17902C102.117 1.36544 102.312 1.34641 102.163 1.30837C102.083 1.28554 101.934 1.2437 101.735 1.18663C101.526 1.12196 101.255 1.03826 100.957 0.958374C100.968 0.958374 100.98 0.962178 100.987 0.965982C100.965 0.958374 100.946 0.954569 100.923 0.950765C100.629 0.870875 100.304 0.798593 99.9762 0.730115C98.9458 0.513269 98.2817 0.463813 97.6177 0.414357C96.7552 0.372509 95.8736 0.326857 94.0876 0.383922C94.3509 0.342075 94.5646 0.315444 94.3853 0.31164C94.3853 0.31164 94.3662 0.31164 94.3547 0.307836C94.8432 0.28501 95.8889 0.292619 95.8927 0.273597C95.8927 0.254575 94.9806 0.167076 93.6106 0.25838C92.8053 0.288814 91.7367 0.47903 92.2214 0.376313C90.6491 0.604572 90.4812 0.695876 90.8284 0.635007C91.1757 0.585551 92.0535 0.471421 92.5954 0.437183C91.7367 0.566529 90.7979 0.69968 89.0844 1.11055C88.7409 1.19044 88.4089 1.27794 88.0998 1.36924C88.5768 1.22087 88.8821 1.12576 89.0729 1.0687C89.4469 0.977395 89.8438 0.889896 90.2064 0.817614C90.1301 0.733919 88.7486 1.00403 87.2449 1.5138C86.9244 1.61272 86.7717 1.65076 87.0236 1.53663C85.539 2.09206 85.2948 2.25945 85.5276 2.16815C85.1154 2.34314 84.73 2.51434 84.3865 2.67412C84.2186 2.7426 84.0201 2.83771 83.8064 2.94423C83.5927 3.04314 83.4057 3.12683 83.2607 3.19151L83.6347 2.98227C83.1042 3.23716 82.5852 3.51107 82.0738 3.804C81.5701 4.18063 82.0471 3.8877 82.9058 3.41596C81.986 3.93715 80.9365 4.63715 80.0702 5.31432C79.2078 5.99529 79.3719 5.86975 79.3642 5.89638C79.1238 6.0904 78.9063 6.26539 78.7116 6.41757C78.517 6.56974 78.3529 6.69148 78.2499 6.75615L78.5742 6.47463L78.227 6.74474C78.1163 6.82463 77.998 6.90072 77.872 6.96919C77.6202 7.11376 77.3416 7.2393 77.0515 7.38767C76.6012 7.68821 76.8149 7.58549 77.3454 7.32299C77.6049 7.19365 77.9446 7.03006 78.2575 6.798C78.5971 6.52409 78.9711 6.21594 79.3566 5.90398C79.3337 5.93061 79.2726 5.99529 79.0933 6.15126C79.0017 6.22735 78.8872 6.33007 78.7307 6.46322C78.6544 6.52789 78.5666 6.60398 78.4674 6.68767C78.3796 6.76376 78.288 6.84365 78.1697 6.92735C78.4712 6.72572 78.8338 6.39854 79.1963 6.0904C79.5627 5.77844 79.9252 5.42844 80.3336 5.1203C81.0892 4.56867 81.7838 4.13117 82.173 3.91813C81.3334 4.45074 80.2 5.25725 79.6275 5.81268L78.7116 6.52789L78.4827 6.70669C78.414 6.75996 78.3491 6.81702 78.2766 6.86648C78.1354 6.96919 77.9789 7.05669 77.8186 7.14419C77.5438 7.32299 77.0859 7.53604 76.5859 7.87842C76.3417 8.04581 76.0784 8.2969 75.9104 8.5632C75.7425 8.80668 75.5822 9.05776 75.4372 9.29363C74.8533 10.2485 74.5747 10.8534 74.6587 10.5757C74.8915 10.0355 75.2846 9.25559 75.2388 9.22515C75.193 9.19852 74.819 10.0507 74.7274 10.2675C74.7198 10.2866 74.7121 10.2942 74.7083 10.3056C74.8457 9.87569 74.9182 9.65504 74.9487 9.56374C75.067 9.25939 75.193 8.95124 75.3075 8.68494C75.1396 9.03113 75.0022 9.33928 74.8762 9.63602L74.7045 10.0735L74.6244 10.2904C74.7846 9.78819 74.9755 9.27841 75.1663 8.81429C75.1853 8.77624 75.2044 8.73059 75.2197 8.69635C75.4105 8.21701 75.5861 7.91266 75.7006 7.61593C75.7502 7.47136 75.8608 7.33821 75.8418 7.23169C75.8799 6.99202 75.6357 7.04528 75.5746 7.08332L75.38 7.17463C74.9182 7.33441 74.2007 7.5893 73.6092 8.26266C73.4069 8.49092 73.4871 8.48711 73.5138 8.46809C73.8382 8.3007 73.2352 8.77624 72.804 9.617C72.5101 10.2828 72.1476 11.1463 71.9453 11.8045C72.1437 11.3023 72.3575 10.8306 72.5674 10.3398C72.678 10.0963 72.7925 9.84526 72.907 9.59037C73.0635 9.29743 73.2657 9.01211 73.4756 8.74961C73.6932 8.48331 73.9336 8.24364 74.2007 8.01538C74.4641 7.78712 74.7961 7.55125 75.0747 7.41049C75.2235 7.3268 75.3762 7.2431 75.5326 7.1518C75.5555 7.13658 75.5822 7.13658 75.609 7.148C75.5594 7.148 75.5021 7.17082 75.4792 7.20126C75.3991 7.24691 75.3266 7.29256 75.254 7.33441C74.9678 7.5056 74.7503 7.63114 74.6701 7.69582C74.5976 7.75669 74.7885 7.64636 74.7236 7.69962C74.4717 7.84799 74.4793 7.8594 74.2313 8.07244C73.9832 8.28168 73.7504 8.51755 73.5329 8.78005C73.8267 8.43766 74.1435 8.15233 74.4831 7.90125C74.632 7.79092 74.7846 7.69962 74.9335 7.60832C74.5595 7.82136 74.7694 7.6844 75.1701 7.4181C75.2388 7.37625 75.3113 7.3268 75.3914 7.27734C75.4296 7.25452 75.4678 7.22408 75.5136 7.20506C75.5479 7.19365 75.5861 7.20506 75.6166 7.23169L74.8037 7.79092C74.2961 8.14092 73.8649 8.58983 73.5329 9.11102L73.2886 9.49906C71.0408 14.4561 71.1362 18.6066 71.0828 18.8044C70.9569 19.2952 70.6859 20.893 70.5981 21.6539C70.2852 24.2902 70.3768 37.32 80.9289 44.864C83.0546 46.3819 86.8289 47.8237 91.5765 48.6341C92.6259 48.8129 93.706 48.8927 94.8012 48.8927C97.5223 49.0069 99.98 48.7292 102.255 48.0672C102.239 48.0824 102.216 48.0976 102.174 48.1243C100.72 48.6226 99.1557 48.9308 97.5375 49.0601C96.7285 49.1286 95.908 49.1362 95.0722 49.1172C94.2288 49.121 93.4045 49.0906 92.5687 48.9955C90.9086 48.7786 89.2218 48.3982 87.5693 47.9227C85.9168 47.4357 84.2796 46.8498 82.7226 46.108C81.9441 45.7352 81.1846 45.3281 80.4824 44.8488C79.8069 44.32 79.1238 43.7988 78.4712 43.2471L77.5553 42.3531C77.2538 42.0564 76.9332 41.7711 76.6775 41.4325C76.1432 40.7781 75.5593 40.1618 75.1128 39.4542C73.1894 36.7151 71.8919 33.6717 71.1629 30.6967C70.934 29.6505 70.6477 27.775 70.6477 27.775C70.6477 27.775 70.56 27.3603 70.4531 26.5804C70.3615 25.7968 70.2814 24.7658 70.2508 23.8984C70.2432 23.4647 70.2394 23.0691 70.2356 22.7685C70.2432 22.468 70.2432 22.2587 70.2356 22.1941C70.2318 22.0647 70.1554 22.5098 70.1402 23.9555C70.1516 24.5794 70.1974 25.7473 70.1974 25.7473C70.1974 25.7473 70.1516 25.5304 70.1364 25.1652C70.1211 24.8038 70.1173 24.4196 70.1173 24.4196C70.1173 24.4196 70.0486 24.8837 70.0791 25.6256C70.0944 26.0326 70.1173 26.5348 70.2089 26.8924" fill="#currentcolor"
 d="M79.7151 16.868L79.7342 16.8185L79.7075 16.8414C79.3564 17.043 78.7153 17.549 78.0207 18.2832C77.349 19.0327 76.6316 20.0066 76.04 21.0604C75.3836 22.3158 74.8989 23.6663 74.5631 25.0397C74.502 25.2679 74.4448 25.5 74.399 25.7244V25.7321C74.399 25.7321 74.399 25.7435 74.3952 25.7473C74.3952 25.7473 74.3952 25.7435 74.3952 25.7397C74.3761 25.8272 74.357 25.9071 74.3379 25.9907C74.3341 26.0136 74.3303 26.0364 74.3265 26.0554C74.1395 26.9761 74.1319 26.3826 74.1319 26.3826C74.1319 26.3826 74.0594 25.869 74.0365 27.775C74.0365 27.95 74.0365 28.0299 74.0174 28.5663C74.0174 28.5739 74.0174 28.5815 74.0174 28.5891C74.0136 28.6614 74.0097 28.7451 74.0059 28.8402C73.9563 29.7456 74.0059 30.6434 74.1242 31.488C73.9487 29.9967 74.1738 28.6081 74.2044 28.182C74.2349 27.756 74.4372 26.1315 74.6509 25.3859L74.5326 25.538C74.9104 23.9745 75.4294 22.5098 76.2118 21.0527C77.0094 19.6109 78.0627 18.1386 79.7075 16.8642" fill="#currentcolor"
 d="M82.3789 15.3197C82.169 15.3805 81.9553 15.4338 81.7568 15.5289C81.5545 15.6126 81.3523 15.7001 81.1462 15.7876C80.9516 15.8941 80.7569 16.0006 80.5585 16.111C80.3142 16.2745 80.1043 16.4838 79.8906 16.6778C80.7875 16.0273 81.4057 15.7762 81.8446 15.5707C82.0621 15.4566 82.2606 15.4148 82.4399 15.3425C82.7071 15.2512 82.9971 15.1485 83.2528 15.1675C83.02 15.1256 82.6422 15.2436 82.3789 15.3235" fill="#currentcolor"
 d="M84.2491 15.3273C84.2186 15.2702 84.1613 15.2093 84.1079 15.1751C84.0659 15.1371 83.982 15.1599 83.9247 15.1561C83.669 15.1599 83.4515 15.1637 83.253 15.1675C83.5202 15.1713 83.7301 15.1979 83.9934 15.2017C84.1003 15.2436 84.2186 15.3577 84.2109 15.4414C84.2262 15.4947 84.2224 15.6468 84.1957 15.8561C84.1957 15.7762 84.188 15.7001 84.1918 15.6354C84.1728 15.5251 84.2033 15.4224 84.0926 15.3044C84.0392 15.2474 83.9896 15.2284 83.9094 15.2398H83.6919C83.5469 15.2398 83.3981 15.2436 83.2492 15.2474C83.1042 15.2474 82.9554 15.2474 82.7798 15.293C82.5432 15.3729 82.5775 15.3767 82.7645 15.3311C82.963 15.274 83.1653 15.3159 83.5087 15.3044C83.5927 15.3044 83.7224 15.3121 83.8102 15.3083C84.0239 15.2968 84.0545 15.5099 84.0621 15.5822C84.0697 15.6468 84.0087 15.7952 84.0049 15.8713C83.9552 16.2061 83.7682 16.4267 83.7148 16.5827C83.6347 16.83 83.2797 17.5528 83.2797 17.568C83.2797 17.5984 83.627 17.2789 83.7224 17.0316C83.7568 16.9365 83.8865 16.7044 83.9667 16.4495C84.0049 16.3354 84.1041 16.2403 84.1461 16.1262C84.0468 16.6093 83.8255 17.2637 83.379 17.8762C83.1042 18.2566 82.9859 18.755 82.692 19.1963C82.547 19.4169 82.4287 19.63 82.2493 19.8316C82.1539 19.9305 81.8143 20.2615 81.7303 20.3147C81.5853 20.4479 81.1426 20.6495 80.9823 20.8131C80.8869 20.9234 81.0663 20.8968 81.7265 20.4327C80.4977 21.3077 80.0092 21.9696 79.7115 22.274C79.4405 22.6087 79.3833 22.643 79.3489 22.6506C79.3184 22.662 79.3184 22.6582 79.1123 22.8864C78.6544 23.3962 77.9293 24.8152 77.9636 24.762C78.1239 24.5223 78.3605 24.119 78.5437 23.8832C78.2842 24.3663 77.8377 25.3326 77.8453 25.3745C77.8529 25.4125 78.4025 24.1913 78.9559 23.343C78.9406 23.3734 78.9253 23.4038 78.9024 23.4343C78.807 23.575 78.8872 23.6625 78.8872 23.6625C79.0551 23.3886 80.1656 21.9772 80.1504 21.943C80.1427 21.9316 80.0702 21.9848 79.9519 22.0951C80.3793 21.6272 80.8182 21.2087 81.2838 20.8549C81.4784 20.7142 81.7227 20.5392 81.9135 20.4022C82.1577 20.2272 82.3676 19.9952 82.5279 19.7935C82.86 19.3865 83.0126 18.9832 83.2301 18.5609C83.2492 18.5267 83.2798 18.4734 83.2988 18.4392C83.4057 18.2528 83.8217 17.3778 83.9476 17.0354C83.9896 16.9213 84.0277 16.8072 84.0621 16.7006C84.1041 16.5713 84.1422 16.4457 84.1804 16.3278C84.2224 16.2061 84.2491 16.0957 84.2682 15.9892C84.2834 15.9131 84.2987 15.837 84.3025 15.7724C84.3025 15.7724 84.3025 15.7686 84.3025 15.7648C84.3025 15.7457 84.3102 15.7229 84.3025 15.7077C84.2949 15.5403 84.2758 15.4338 84.2338 15.3235" fill="#currentcolor"
 d="M78.1659 36.4831C78.1468 36.388 78.0629 36.194 77.9026 35.6956C77.8606 35.5738 77.811 35.4293 77.7537 35.2657C77.7079 35.0983 77.6545 34.9119 77.5934 34.7027C77.5286 34.4934 77.5019 34.2461 77.4446 33.9798C77.3836 33.7135 77.25 33.0934 77.2347 33.0934C77.2156 33.0934 77.4255 34.0902 77.3645 33.9456C77.311 33.7972 77.1927 33.3788 77.1546 33.1695C77.1355 33.0021 77.1126 32.8271 77.0897 32.6483C77.063 32.2983 77.0363 31.8837 77.0363 31.3587C77.0248 31.1608 77.0134 31.0581 77.0057 31.0391C76.9676 29.2587 77.3225 27.7255 77.3301 28.1554C77.1088 29.6277 77.1431 30.1831 77.0821 30.7728C77.1126 30.5445 77.1431 30.3201 77.1698 30.3467C77.1889 29.2549 77.2729 28.5321 77.3645 27.9804C77.4561 27.4288 77.5324 27.0712 77.6011 26.7631C77.7461 26.1544 77.8072 25.7245 78.3643 24.5337C78.1812 24.9065 78.04 25.1652 77.8262 25.6978C77.6316 26.2304 77.3187 27.0294 77.105 28.5245C77.1469 28.0337 77.1508 27.8967 77.0515 28.2658C76.9714 28.6348 76.8111 29.5174 76.8531 31.0733C76.8531 30.6435 76.8912 30.2136 76.9294 29.7875C76.8874 30.5826 76.9103 31.0353 76.9065 31.313C76.9027 31.5793 76.8989 31.682 76.8989 31.7733C76.8951 31.857 76.8912 31.9255 76.8989 32.1386C76.9065 32.2451 76.9103 32.3896 76.9332 32.5913C76.9638 32.7929 77.0019 33.0478 77.0515 33.3788C77.0859 33.6831 77.0286 33.5081 77.0401 33.7135C77.0782 33.9114 77.0859 34.5315 77.7499 36.2853C77.956 36.7075 78.2957 37.4608 78.2957 37.4608C78.6506 38.2369 79.5779 39.6977 79.5894 39.6673C79.6008 39.6369 78.6239 38.1342 78.2613 37.3086C78.8567 38.3434 78.0934 36.7988 78.3643 37.1679C78.0438 36.4336 78.2117 36.6695 78.1659 36.4831" fill="#currentcolor"
 d="M91.6224 4.6638C92.4811 4.64858 94.851 4.81597 94.851 4.81597C94.851 4.81597 96.3165 4.87304 97.553 5.07467C97.9308 5.15456 98.3315 5.26108 98.82 5.37521C99.3505 5.52357 99.7054 5.52357 100.511 5.76705C101.323 5.99911 102.903 6.70291 102.934 6.63824C102.236 6.27302 100.988 5.78988 99.9153 5.46651C98.8467 5.13553 96.7744 4.61054 94.4503 4.53445C94.1221 4.49641 94.0458 4.45456 93.7672 4.43934C93.7672 4.43934 93.0802 4.34424 92.6833 4.31C91.3247 4.34804 88.6266 4.60293 88.5846 4.80075C88.577 4.8426 88.8937 4.77032 88.8937 4.77032C90.1836 4.54587 90.8935 4.51923 91.5003 4.51163C90.7485 4.59532 88.7334 4.85782 88.7411 4.91108C88.7487 4.96434 90.7637 4.68282 91.6224 4.65999" fill="#currentcolor"
 d="M85.3862 2.52576C84.9473 2.71978 84.4283 2.95184 83.8101 3.29423C84.207 3.08119 84.871 2.75782 85.3862 2.52576Z" fill="#currentcolor"
 d="M75.3798 7.33441L75.2501 7.41811L74.9906 7.5855C74.9677 7.60072 74.9448 7.61213 74.9219 7.62735C75.0478 7.55506 75.2501 7.47137 75.521 7.27735C75.4638 7.26594 75.4218 7.30778 75.3798 7.33441" fill="#currentcolor"
 d="M70.7888 17.7468C70.8766 17.0963 70.7926 18.1196 70.9109 18.6598C70.9109 17.937 71.1017 15.605 71.1017 15.605C71.1017 15.605 70.9834 15.7952 70.8728 16.5446C70.8155 16.9327 70.7277 17.5984 70.7888 17.7468Z" fill="#currentcolor"
 d="M84.951 10.2181C84.8251 10.3018 86.5271 9.67787 86.5538 9.64363C86.6149 9.57135 85.0769 10.1344 84.951 10.2181Z" fill="#currentcolor"
 d="M90.3438 7.34582C90.4469 7.30778 90.5728 7.28115 90.7178 7.25452C90.5194 7.28115 90.34 7.32299 90.2026 7.37245C90.2522 7.36484 90.2942 7.35343 90.3438 7.34582Z" fill="#currentcolor"
 d="M75.002 35.357C74.7882 34.6304 74.5249 33.7021 74.2807 32.3858C74.2196 32.1005 74.1814 31.7847 74.1318 31.4918C74.2005 32.07 74.2921 32.6749 74.4142 33.2646C74.5745 33.9722 74.8417 35.3037 75.002 35.3532" fill="#currentcolor"
 d="M85.123 44.2515C85.2681 44.3542 85.3825 44.4873 86.661 45.1036C87.0388 45.3053 86.6076 45.1683 87.2525 45.4803C87.9051 45.7276 88.5157 45.8949 89.0004 45.9939C88.6913 45.8949 88.4394 45.8189 88.2181 45.7314C87.8288 45.5259 87.6075 45.4232 87.161 45.2064C86.7183 44.9857 86.0313 44.67 84.8292 43.8634C84.0125 43.3765 84.9551 44.0651 86.0161 44.6547C85.8405 44.5558 85.9359 44.6129 86.1954 44.7575C86.932 45.1569 87.6647 45.4841 87.6991 45.5373C87.0426 45.2558 86.9014 45.1759 86.6801 45.0428C86.4588 44.9096 86.1344 44.7536 85.1803 44.1982C84.4552 43.7835 84.9895 44.1335 85.123 44.2553" fill="#currentcolor"
 d="M81.2038 20.4212C81.2954 20.2615 80.1085 21.125 79.1812 22.3272C79.765 21.6006 81.1771 20.5544 81.2038 20.4212Z" fill="#currentcolor"
 d="M80.0282 21.7109C79.7686 21.9658 79.5091 22.2245 79.2763 22.506C78.4177 23.8603 79.3832 22.35 80.0282 21.7109Z" fill="#currentcolor"
 d="M82.444 42.6765C82.1043 42.3607 80.5435 40.82 80.5435 40.82C80.5435 40.82 80.9709 41.3412 81.2266 41.6075C81.4823 41.8776 82.3753 42.7069 82.444 42.6765Z" fill="#currentcolor"
 d="M79.5742 39.576C79.5742 39.576 79.5933 39.6977 79.9902 40.2151C80.3527 40.6868 80.5436 40.82 80.5436 40.82L79.5742 39.576V39.576Z" fill="#currentcolor"
 d="M80.0283 21.7109C80.1275 21.6082 80.3374 21.475 80.4405 21.3799C80.4367 21.2582 80.2726 21.4598 80.0283 21.7109Z" fill="#currentcolor"
 d="M76.5744 29.2853C76.5744 29.2853 76.5401 29.3538 76.5248 29.6087C76.4523 30.4 76.5019 30.9173 76.5019 30.9173C76.5019 30.9173 76.5134 30.1375 76.5248 29.9739C76.5401 29.8103 76.5515 29.8141 76.563 29.8597C76.5859 29.9472 76.6088 30.1945 76.6469 29.5516C76.666 29.2739 76.6775 28.9962 76.7118 28.7184C76.6088 29.4641 76.605 29.2739 76.5744 29.2891" fill="#currentcolor"
 d="M75.0669 35.2923C75.0669 35.2923 75.2195 35.6918 75.2653 35.8021L75.1814 35.4331C75.1127 35.2505 75.0669 35.2923 75.0669 35.2923Z" fill="#currentcolor"
 d="M74.8685 24.6669C75.0364 24.1799 75.2081 23.5522 75.315 23.3544C75.8989 21.7756 75.0784 23.5522 74.6776 25.2337C74.6395 25.5381 74.7234 25.1614 74.8685 24.6669Z" fill="#currentcolor"
 d="M102.773 65.472C102.174 65.6051 100.892 65.8334 99.8615 65.9018C91.1221 66.4953 91.0496 66.1377 87.9698 66.2595C85.1534 66.3698 82.0851 65.6089 82.0851 65.6089C82.0851 65.6089 82.0698 65.7306 82.1957 65.9437C82.3217 66.1529 82.5316 66.2937 82.5316 66.2937C83.5734 66.8263 83.5429 67.4768 84.1878 67.4007C84.1878 67.4007 86.5425 67.5681 88.443 67.4464C90.3436 67.3209 93.1448 67.1839 96.4077 67.5301C101.789 68.1045 101.579 67.629 101.579 67.629C101.579 67.629 101.43 67.3018 101.224 67.2714C100.751 67.2029 100.629 66.9024 100.629 66.9024L102.72 65.8866C102.842 65.7078 102.979 65.4301 102.77 65.4796" fill="#currentcolor"
 d="M17.6009 106.498C17.7688 106.414 17.8795 106.342 17.9329 106.277C17.9825 106.212 18.0207 106.056 18.0436 105.805L18.4519 102.043C18.4519 102.001 18.3985 101.971 18.2954 101.948C18.1924 101.929 18.1275 101.948 18.1084 102.009C17.3337 103.766 16.4369 105.044 15.4179 105.851C14.399 106.657 13.1281 107.057 11.5978 107.057C10.0675 107.057 8.6516 106.65 7.41511 105.836C6.17862 105.022 5.20165 103.877 4.48799 102.404C3.77434 100.928 3.41942 99.2543 3.41942 97.3711C3.41942 95.488 3.75526 93.8027 4.42693 92.3685C5.09861 90.938 6.03742 89.8386 7.24338 89.0777C8.44934 88.3131 9.81558 87.9326 11.3497 87.9326C12.8839 87.9326 14.2807 88.3815 15.3607 89.2794C16.4407 90.1772 17.2536 91.4859 17.7993 93.1978C17.8413 93.2815 17.9138 93.3119 18.0207 93.2929C18.1237 93.2739 18.1771 93.232 18.1771 93.1674L17.7993 89.0283C17.7573 88.7772 17.7154 88.6174 17.6734 88.5413C17.6314 88.469 17.5245 88.3891 17.3604 88.3054C15.9331 87.6587 14.0593 87.3315 11.7314 87.3315C9.52935 87.3315 7.53723 87.7652 5.75501 88.6326C3.97279 89.5 2.56838 90.706 1.54179 92.2543C0.515203 93.8027 0 95.5565 0 97.5233C0 99.4901 0.492306 101.271 1.47692 102.808C2.46153 104.344 3.8354 105.535 5.59854 106.384C7.36168 107.232 9.36144 107.654 11.6054 107.654C13.7235 107.654 15.7271 107.266 17.6123 106.494" fill="#currentcolor"
 d="M88.6225 87.7158C87.9088 87.7576 87.344 87.7805 86.9242 87.7805C86.4853 87.7805 85.9281 87.7615 85.2565 87.7158L83.9666 87.6854C83.9246 87.6854 83.9055 87.7462 83.9055 87.8718C83.9055 87.9973 83.9246 88.0582 83.9666 88.0582C84.7832 88.0582 85.4129 88.3549 85.8556 88.9522C86.2945 89.5495 86.5159 90.4016 86.5159 91.5087V102.61L75.1928 89.3174C75.1928 89.3174 74.0708 87.8185 72.3497 87.8185L70.7583 87.75C70.2545 87.75 69.8652 87.7386 69.5943 87.7196L68.3349 87.6892C68.2929 87.6892 68.27 87.75 68.27 87.8756C68.27 88.0011 68.2929 88.062 68.3349 88.062C68.8387 88.062 69.3271 88.1875 69.7965 88.4386C70.2698 88.6897 70.7964 89.1272 71.3841 89.7549V103.488C71.3841 104.596 71.1361 105.444 70.6438 106.03C70.1515 106.616 69.4531 106.909 68.5524 106.909C68.4876 106.909 68.457 106.973 68.457 107.099C68.457 107.224 68.4876 107.285 68.5524 107.285C69.1821 107.285 69.663 107.274 69.9988 107.255L71.8536 107.224L73.5213 107.255C73.8151 107.278 74.2426 107.285 74.8112 107.285C74.8532 107.285 74.8761 107.224 74.8761 107.099C74.8761 106.973 74.8532 106.909 74.8112 106.909C73.9716 106.909 73.3343 106.616 72.8916 106.03C72.4527 105.444 72.2314 104.599 72.2314 103.488V90.725L86.9814 107.814C87.0234 107.856 87.0959 107.867 87.2028 107.844C87.3096 107.822 87.3593 107.78 87.3593 107.719V91.5087C87.3593 90.4016 87.5882 89.5495 88.05 88.9522C88.5118 88.3549 89.1606 88.0582 90.0002 88.0582C90.0421 88.0582 90.065 87.9973 90.065 87.8718C90.065 87.7462 90.046 87.6854 90.0002 87.6854L88.6148 87.7158H88.6225Z" fill="#currentcolor"
 d="M118.741 102.374C118.687 102.343 118.63 102.328 118.569 102.328C118.485 102.328 118.443 102.347 118.443 102.393C117.687 105.109 115.905 106.467 113.096 106.467H111.555C110.883 106.467 110.417 106.33 110.154 106.06C109.891 105.79 109.761 105.307 109.761 104.618V97.5005H110.841C113.188 97.5005 114.363 98.3983 114.363 100.198C114.363 100.24 114.424 100.259 114.55 100.259C114.676 100.259 114.737 100.24 114.737 100.198C114.737 99.7793 114.714 99.2352 114.673 98.5657L114.642 97.0934L114.673 94.3657C114.673 94.301 114.615 94.2706 114.501 94.2706C114.386 94.2706 114.329 94.301 114.329 94.3657C114.329 95.9141 113.177 96.6864 110.868 96.6864H109.753V90.2913C109.753 89.6446 109.91 89.1842 110.223 88.9103C110.539 88.6402 111.074 88.5033 111.826 88.5033H113.085C115.497 88.5033 116.955 89.694 117.458 92.0793C117.478 92.1402 117.546 92.163 117.661 92.1402C117.775 92.1212 117.832 92.0869 117.832 92.0451L117.771 87.9707C117.771 87.7843 117.668 87.6891 117.458 87.6891H104.372C104.307 87.6891 104.277 87.75 104.277 87.8756C104.277 88.0011 104.307 88.062 104.372 88.062C105.063 88.062 105.578 88.119 105.914 88.2332C106.25 88.3473 106.475 88.5527 106.59 88.8457C106.704 89.1386 106.761 89.5989 106.761 90.2266V104.744C106.761 105.372 106.704 105.836 106.59 106.14C106.475 106.444 106.254 106.646 105.929 106.753C105.605 106.859 105.086 106.909 104.372 106.909C104.307 106.909 104.277 106.973 104.277 107.095C104.277 107.217 104.307 107.281 104.372 107.281H118.023C118.21 107.281 118.336 107.247 118.401 107.171C118.466 107.095 118.496 106.977 118.496 106.81C118.496 105.493 118.6 104.04 118.809 102.45C118.809 102.431 118.783 102.404 118.729 102.37" fill="#currentcolor"
 d="M148.955 107.171C149.016 107.099 149.05 106.977 149.05 106.81C149.05 105.512 149.146 103.884 149.333 101.917C149.333 101.856 149.279 101.818 149.176 101.807C149.069 101.796 149.008 101.822 148.989 101.887C148.653 103.287 147.97 104.402 146.944 105.227C145.917 106.053 144.658 106.467 143.169 106.467H141.28C140.673 106.467 140.231 106.425 139.96 106.342C139.689 106.258 139.506 106.091 139.41 105.84C139.315 105.588 139.269 105.181 139.269 104.618V90.2571C139.269 89.6294 139.326 89.1652 139.441 88.8609C139.555 88.5566 139.777 88.3473 140.101 88.2332C140.425 88.1191 140.933 88.062 141.628 88.062C141.689 88.062 141.723 88.0011 141.723 87.8756C141.723 87.75 141.692 87.6854 141.628 87.6854L140.055 87.7158C139.132 87.7576 138.357 87.7805 137.727 87.7805C137.14 87.7805 136.384 87.7615 135.464 87.7158L133.861 87.6854C133.819 87.6854 133.8 87.75 133.8 87.8756C133.8 88.0011 133.819 88.062 133.861 88.062C134.552 88.062 135.067 88.1191 135.403 88.2332C135.739 88.3473 135.964 88.5527 136.079 88.8457C136.193 89.1386 136.25 89.5989 136.25 90.2266V104.744C136.25 105.372 136.193 105.836 136.079 106.14C135.964 106.444 135.743 106.646 135.418 106.753C135.094 106.859 134.575 106.909 133.861 106.909C133.819 106.909 133.8 106.969 133.8 107.095C133.8 107.221 133.819 107.281 133.861 107.281H148.581C148.768 107.281 148.894 107.247 148.959 107.171" fill="#currentcolor"
 d="M54.8747 106.905C54.3099 106.905 53.7794 106.627 53.2871 106.075C52.7948 105.524 52.1804 104.493 51.4477 102.986L43.7425 87.4951C43.7234 87.4343 43.6395 87.4 43.4906 87.4C43.3418 87.4 43.2502 87.4305 43.2082 87.4951L36.4457 102.671C35.9229 103.842 35.4725 104.725 35.0947 105.318C34.7169 105.916 34.3276 106.326 33.9307 106.559C33.5339 106.787 33.0377 106.905 32.4538 106.905C32.3508 106.905 32.2974 106.969 32.2974 107.095C32.2974 107.221 32.3508 107.281 32.4538 107.281C32.8927 107.281 33.4499 107.262 34.1216 107.221C34.8772 107.179 35.5374 107.16 36.1022 107.16C36.6671 107.16 37.3807 107.182 38.1783 107.221C38.892 107.262 39.4377 107.281 39.8155 107.281C39.9186 107.281 39.972 107.221 39.972 107.095C39.972 106.969 39.9186 106.905 39.8155 106.905C38.8729 106.905 38.1363 106.718 37.6135 106.342C37.0907 105.965 36.8273 105.41 36.8273 104.679C36.8273 104.177 36.9647 103.614 37.2357 102.986L37.5028 102.4C37.7356 101.891 38.247 101.563 38.808 101.563H42.651C43.1739 101.567 43.6509 101.274 43.8875 100.81H41.9756L42.5442 99.6043C42.0213 99.6005 41.5405 99.8896 41.3001 100.354C41.155 100.631 40.8688 100.806 40.5521 100.806L38.1631 100.791L42.3534 91.5049L48.7381 104.424C49.0968 105.178 49.8181 107.152 51.0355 107.152C51.4324 107.152 52.0735 107.175 52.9551 107.213C53.8367 107.255 54.474 107.274 54.8747 107.274C54.9778 107.274 55.0312 107.213 55.0312 107.087C55.0312 106.962 54.9778 106.897 54.8747 106.897" fill="#currentcolor"
 d="M184.828 106.905C184.264 106.905 183.733 106.627 183.241 106.075C182.748 105.524 182.134 104.493 181.401 102.986L173.696 87.4951C173.673 87.4343 173.589 87.4 173.444 87.4C173.299 87.4 173.204 87.4305 173.162 87.4951L166.399 102.671C165.876 103.842 165.426 104.725 165.048 105.318C164.671 105.916 164.281 106.326 163.884 106.559C163.487 106.787 162.991 106.905 162.407 106.905C162.304 106.905 162.251 106.969 162.251 107.095C162.251 107.221 162.304 107.281 162.407 107.281C162.846 107.281 163.404 107.262 164.075 107.221C164.831 107.179 165.491 107.16 166.056 107.16C166.621 107.16 167.334 107.182 168.132 107.221C168.846 107.262 169.391 107.281 169.769 107.281C169.872 107.281 169.926 107.221 169.926 107.095C169.926 106.969 169.872 106.905 169.769 106.905C168.827 106.905 168.09 106.718 167.567 106.342C167.044 105.965 166.781 105.41 166.781 104.679C166.781 104.177 166.918 103.614 167.189 102.986L167.456 102.4C167.689 101.891 168.201 101.563 168.762 101.563H172.605C173.127 101.567 173.605 101.274 173.841 100.81H171.929L172.498 99.6043C171.975 99.6005 171.494 99.8896 171.257 100.354C171.112 100.631 170.826 100.806 170.509 100.806L168.12 100.791L172.311 91.5049L178.696 104.424C179.05 105.178 179.776 107.152 180.993 107.152C181.39 107.152 182.031 107.175 182.913 107.213C183.794 107.255 184.431 107.274 184.832 107.274C184.935 107.274 184.989 107.213 184.989 107.087C184.989 106.962 184.935 106.897 184.832 106.897" fill="#currentcolor"
 d="M10.7161 126.915C10.3727 127.303 9.92235 127.501 9.35754 127.501C8.79272 127.501 8.33476 127.303 7.99129 126.915C7.64782 126.527 7.47227 126.01 7.47227 125.371C7.47227 124.732 7.64782 124.23 7.99129 123.842C8.33476 123.454 8.79272 123.248 9.35754 123.24C9.92235 123.233 10.3727 123.431 10.7161 123.819C11.0596 124.207 11.2352 124.724 11.2352 125.371C11.2352 126.018 11.0596 126.527 10.7161 126.915ZM9.35754 122.75C8.63244 122.75 8.04472 122.993 7.60203 123.473C7.15933 123.952 6.93799 124.591 6.93799 125.375C6.93799 126.158 7.15933 126.798 7.60203 127.284C8.05235 127.764 8.63244 128.007 9.35754 128.007C10.0826 128.007 10.6704 127.764 11.113 127.284C11.5634 126.798 11.7847 126.158 11.7771 125.375C11.7695 124.591 11.5481 123.952 11.1054 123.473C10.6627 122.993 10.0826 122.75 9.35754 122.75Z" fill="#currentcolor"
 d="M19.2034 125.607H17.883V123.317H19.2034C19.8827 123.317 20.3483 123.773 20.3483 124.443C20.3483 125.112 19.898 125.607 19.2034 125.607ZM20.875 124.443C20.875 123.963 20.7223 123.575 20.417 123.279C20.1193 122.982 19.7224 122.837 19.2263 122.837H17.3716V127.908H17.883V126.082H19.3179L20.3788 127.908H20.9589L19.8217 125.976C20.4704 125.77 20.875 125.2 20.875 124.439" fill="#currentcolor"
 d="M30.2481 126.957C29.7978 127.33 29.3017 127.513 28.7521 127.513C28.1263 127.513 27.6225 127.315 27.2409 126.927C26.8593 126.531 26.6684 126.014 26.6684 125.367C26.6684 124.72 26.8593 124.203 27.2409 123.815C27.6301 123.419 28.1339 123.221 28.7521 123.221C29.2712 123.221 29.9352 123.473 30.4466 123.845L30.6679 123.412C30.0955 122.993 29.3475 122.734 28.7369 122.734C27.966 122.734 27.3401 122.978 26.8593 123.465C26.386 123.944 26.1494 124.583 26.1494 125.375C26.1494 126.166 26.386 126.798 26.8516 127.277C27.3248 127.756 27.9507 128 28.7216 128C29.0804 128 29.4391 127.924 29.8131 127.771C30.1871 127.619 30.4924 127.421 30.729 127.17V125.314H30.2481V126.957V126.957Z" fill="#currentcolor"
 d="M37.1021 126.33L38.1554 123.454L39.2087 126.33H37.1021V126.33ZM37.8806 122.837L35.9648 127.908H36.522L36.9418 126.767H39.3766L39.7964 127.908H40.346L38.4378 122.837H37.8806V122.837Z" fill="#currentcolor"
 d="M48.868 127.056L46.1355 122.837L46.1203 122.845V122.837H45.6089V127.908H46.1203V123.697L48.8528 127.908L48.868 127.901V127.908H49.3794V122.837H48.868V127.056Z" fill="#currentcolor"
 d="M55.8669 122.837H55.3555V127.908H55.8669V122.837Z" fill="#currentcolor"
 d="M64.0873 123.225C64.5987 123.225 65.2474 123.469 65.7359 123.842L65.9726 123.415C65.4154 123.012 64.6521 122.738 64.0644 122.738C63.2935 122.738 62.6676 122.982 62.1944 123.469C61.7288 123.948 61.4922 124.587 61.4922 125.379C61.4922 126.17 61.7288 126.809 62.1944 127.296C62.6676 127.775 63.2935 128.019 64.0644 128.019C64.6521 128.019 65.4154 127.752 65.9726 127.334L65.7359 126.915C65.2474 127.281 64.5987 127.532 64.0873 127.532C63.4614 127.532 62.9577 127.334 62.5684 126.938C62.1868 126.543 61.9959 126.025 61.9959 125.379C61.9959 124.732 62.1868 124.214 62.5684 123.819C62.9577 123.423 63.4614 123.225 64.0873 123.225" fill="#currentcolor"
 d="M78.6886 122.837H78.1772V127.908H80.9326L80.9937 127.437H78.6886V122.837Z" fill="#currentcolor"
 d="M89.4887 126.139C89.4887 126.543 89.3666 126.862 89.1147 127.113C88.8628 127.357 88.5346 127.478 88.1301 127.478C87.7255 127.478 87.3897 127.357 87.1378 127.113C86.8859 126.862 86.7638 126.543 86.7638 126.139V122.837H86.2524V126.189C86.2524 126.729 86.428 127.17 86.7715 127.505C87.1149 127.832 87.5729 128 88.1301 128C88.6873 128 89.1376 127.832 89.481 127.505C89.8245 127.17 90.0001 126.729 90.0001 126.189V122.837H89.4887V126.139V126.139Z" fill="#currentcolor"
 d="M99.2777 122.837H98.69L97.3886 124.838L96.0758 122.837H95.4652L97.0451 125.249L95.3125 127.908H95.9079L97.3504 125.706L98.7892 127.908H99.3998L97.6863 125.295L99.2777 122.837Z" fill="#currentcolor"
 d="M107.948 126.139C107.948 126.543 107.826 126.862 107.574 127.113C107.322 127.357 106.994 127.478 106.59 127.478C106.185 127.478 105.849 127.357 105.597 127.113C105.345 126.862 105.223 126.543 105.223 126.139V122.837H104.712V126.189C104.712 126.729 104.887 127.17 105.231 127.505C105.574 127.832 106.032 128 106.59 128C107.147 128 107.597 127.832 107.941 127.505C108.284 127.17 108.46 126.729 108.46 126.189V122.837H107.948V126.139V126.139Z" fill="#currentcolor"
 d="M116.192 125.607H114.871V123.317H116.192C116.871 123.317 117.337 123.773 117.337 124.443C117.337 125.112 116.886 125.607 116.192 125.607ZM117.863 124.443C117.863 123.963 117.711 123.575 117.405 123.279C117.108 122.982 116.711 122.837 116.215 122.837H114.36V127.908H114.871V126.082H116.306L117.367 127.908H117.947L116.81 125.976C117.459 125.77 117.863 125.2 117.863 124.439" fill="#currentcolor"
 d="M124.641 125.318L123.16 122.837H122.573L124.382 125.808V127.908H124.893V125.827L126.713 122.837H126.13L124.641 125.318Z" fill="#currentcolor"
 d="M141.906 125.112H139.173V122.837H138.662V127.908H139.173V125.592H141.906V127.908H142.417V122.837H141.906V125.112Z" fill="#currentcolor"
 d="M151.817 126.915C151.474 127.303 151.023 127.501 150.459 127.501C149.894 127.501 149.436 127.303 149.092 126.915C148.749 126.527 148.573 126.01 148.573 125.371C148.573 124.732 148.749 124.23 149.092 123.842C149.436 123.454 149.894 123.248 150.459 123.24C151.023 123.233 151.474 123.431 151.817 123.819C152.161 124.207 152.336 124.724 152.336 125.371C152.336 126.018 152.161 126.527 151.817 126.915ZM150.459 122.75C149.734 122.75 149.146 122.993 148.703 123.473C148.26 123.952 148.039 124.591 148.039 125.375C148.039 126.158 148.26 126.798 148.703 127.284C149.153 127.764 149.734 128.007 150.459 128.007C151.184 128.007 151.771 127.764 152.214 127.284C152.664 126.798 152.886 126.158 152.878 125.375C152.871 124.591 152.649 123.952 152.206 123.473C151.764 122.993 151.184 122.75 150.459 122.75" fill="#currentcolor"
 d="M157.679 123.332H159.228V127.908H159.732V123.332H161.213L161.274 122.837H157.679V123.332Z" fill="#currentcolor"
 d="M167.12 125.622H169.349V125.173H167.12V123.317H169.532V122.837H166.609V127.908H169.532L169.586 127.429H167.12V125.622Z" fill="#currentcolor"
 d="M175.745 122.837H175.234V127.908H177.989L178.05 127.437H175.745V122.837Z" fill="#currentcolor"